( -1 )
( -9, -4 )
( 2, 1, 4 )
( -137, 49 )
( 0 )
( 3, 8 )
( -1 )
( 5, -3, 3 )
( -1 )
( 0 )
( -1, -2, -10 )
( 0, -32, -21 )
( -283, -225 )
( -1 )
( -8, -1, -7 )
( -1 )
( 0 )
( 3, 1, 1 )
( 0 )
( 1 )
( -800, -133 )
( -1, -1 )
( 1 )
( -3, -2 )
( -1 )
( 0 )
( -1 )
( -1 )
( -1 )
( 0 )
( -1 )
( 1 )
( -31, -33, -9 )
( -2, -9, -10, -2 )
( 1 )
( 1 )
( -6, -1 )
( 1 )
( -61, -69, 25 )
( -1 )
( -1 )
( 0 )
( 0 )
( -10, -1 )
( -67, -41 )
( -9, -2, -4 )
( -1 )
( 0 )
( -1 )
( 0 )
( -11, 14 )
( -493, -1038 )
( -1 )
( 0 )
( 0 )
( -71, -63, -110 )
( -1 )
( 0 )
( -4, -3 )
( 13, 0, 29 )
( -146, -100, 59 )
( -31, 10, -13, -3 )
( -1 )
( -1 )
( -74, -21, -52, -38 )
( 0 )
( 0 )
( -1 )
( 0 )
( 0 )
( 1 )
( 0 )
( -1 )
( 4, -27 )
( 0 )
( 0 )
( -1 )
( 0 )
( 0 )
( 0 )
( 39, 28 )
( -1 )
( -5, 8 )
( 0 )
( -1 )
( -86, -38, -201 )
( -1 )
( -4, -6, -1 )
( -2, 25, 1 )
( -3, -1 )
( 0 )
( -1 )
( -2, -2, -3 )
( -9, -2 )
( -1, -1 )
( -1 )
( -5, -4, -6 )
( -4, -8, -1 )
( -1 )
( -121, -37 )
( 1 )
( -3, 1, -1 )
( 0 )
( 0 )
( -1 )
( -6, -7, -7 )
( -1 )
( 0 )
( -5, -3 )
( -29, 14 )
( 3, 5 )
( -1 )
( 1 )
( -691, -118, -631 )
( -1 )
( -1, -10 )
( 0 )
( -3, -1, -7 )
( -1, -1 )
( -3, -4 )
( -7, -4, -5 )
( -1 )
( -1 )
( -1 )
( -56, -103 )
( -1 )
( -4, -9 )
( 0 )
( -3, -2 )
( 0 )
( 0 )
( -3, -4, -2 )
( -1, -10, -8 )
( 1 )
( -1, -2, -1 )
( 0 )
( -266, -503 )
( 0 )
( -87, 70, 37 )
( 2, -15, -1 )
( -1 )
( -35, 4, -24 )
( -1 )
( -1 )
( -1 )
( -13, -3, -7 )
( 0 )
( -7, -5 )
( -10, -6, -5 )
( -5, -7, -5 )
( 0 )
( -1 )
( 0 )
( -1 )
( 5, 18, 0, 20 )
( 0 )
( 1 )
( 0 )
( -4, -7, -10 )
( -1 )
( -1, -3 )
( -1 )
( 0 )
( -1 )
( -1 )
( -1 )
( -6, -1 )
( 1 )
( -1, -1 )
( -1 )
( 0 )
( -71, -164 )
( 0 )
( -1 )
( 0 )
( -1 )
( 1, -3, 3 )
( 0 )
( -1 )
( 1, 4 )
( 39, 0, 2 )
( -1, 5, -6 )
( -1 )
( -1 )
( 0 )
( -13, -18 )
( 0 )
( -1 )
( -2, -7 )
( -1 )
( -1, -2 )
( -81, -29 )
( 0 )
( 0 )
( -1 )
( 50, -7, -23 )
( -8, -8, -9, -8 )
( -57, -80 )
( -1 )
( 1 )
( -1 )
( 0 )
( 0 )
( -1, -3 )
( -4, -3 )
( -63, -11 )
( -1 )
( -1 )
( -3, -1 )
( 0 )
( -3, 0, -1 )
( -1, -3, -2, -1 )
( -1 )
( -1 )
( -1 )
( -1, -3, -5 )
( -1 )
( -10, 10, 77 )
( 0 )
( 27, 22, 0, 37 )
( 0 )
( 0 )
( -3, -1 )
( -29, 26, 34, 9 )
( -329, -353 )
( 0 )
( 8, 4, 12, 7 )
( 32, 29, 50 )
( 33, 37, 18, 28 )
( -3, -3, -4 )
( -1 )
( 19, 0, -8 )
( 0 )
( -1 )
( -3, -2 )
( -5, -6 )
( -1 )
( -65, -54 )
( -22, -21, 4 )
( -2, 145, 76 )
( -1 )
( 0 )
( 1 )
( 0 )
( -1 )
( 0 )
( 7, -10, -18, 1 )
( 0 )
( -5, -7, -5, -9 )
( 0 )
( -133, -378, -600 )
( -1 )
( -1 )
( 1, 3 )
( -1, -8, -7, -7 )
( -1, -3 )
( -43, -124 )
( 0 )
( 0 )
( 0 )
( 13, 13, 15 )
( -31, -163 )
( -9, -8 )
( -1 )
( 5, 6, 3, -1 )
( -1 )
( 0 )
( -1 )
( 0 )
( -1 )
( 0 )
( -1 )
( -1, -8, -3 )
( -1 )
( -3, -10 )
( -1, -1 )
( -1 )
( 0 )
( -84, 79 )
( 1 )
( -1, -5, -9 )
( 0 )
( 1 )
( -486, -377 )
( -3, 1 )
( 1 )
( -1 )
( -1 )
( -1 )
( -1 )
( -1 )
( 0 )
( -10, -5, -2, -10 )
( -1 )
( -1 )
( -1 )
( -9, -1, -1 )
( -293, -70, 88 )
( -1 )
( -1 )
( 0 )
( -1 )
( 0 )
( -4, -5 )
( 8, 105 )
( 1 )
( -1 )
( 0 )
( -1 )
( -1 )
( 203, 103 )
( -2, -1 )
( -2, -5 )
( -1, -10, -6 )
( 0 )
( -2, 5, 13, 14 )
( -1 )
( 0 )
( 1 )
( -76, -134, -27 )
( -3, -2 )
( 0 )
( -23, -6 )
( -1 )
( -1 )
( -3, -1 )
( -1 )
( -1 )
( 0 )
( -1 )
( -1 )
( -65, -137, -106 )
( 4, 21 )
( -1 )
( -3, -2, -2 )
( -2, -5 )
( -405, 64, -206 )
( -1 )
( -14, -20, -1, -3 )
( -2, -4, -3 )
( -5, -3, -1 )
( -10, -3, -10 )
( -1 )
( 337, 592 )
( -8, -7 )
( -1, -1 )
( 1 )
( -1352, 1485 )
( 0 )
( 0 )
( -305, -168 )
( 0 )
( -4618, -123 )
( -5, -7, -4 )
( -1 )
( -5, -3 )
( -1 )
( 1 )
( -1 )
( -3, -4, -1, -3 )
( 0 )
( -5, -9 )
( -1 )
( 0 )
( -1 )
( -1 )
( -34, -38, -87 )
( -1 )
( -39, -55 )
( -1 )
( -2, -10, -7 )
( -1 )
( -23, 4 )
( -22, -43 )
( -49, -54 )
( -1, -3 )
