100101100101010011011100010011010011010011100101100101100101010011011100010011010011010011100101011100011100100101011100010011100101010011011100010011010011010011100101010011010011010011010011011100011100011100011100100101011100010011011100011100011100100101011100010011100101010011011100011100011100011100011100011100011100100101011100100101100101010011011100010011010011010011100101( 0 )( 0 )( 0 )( 0 )( 0 )( 0 )( 0 )( 0 )( 0 )( 0 )( 0 )( 0 )( 0 )( 0 )
( 0 )( 0 )( 0 )( 0 )( 0 )( 0 )( 0 )( 0 )( 0 )( 0 )( 0 )( 0 )( 0 )( 0 )
( 0 )( 1 )( 1 )( 1 )( -1 )( 1 )( 0 )( 0 )( 0 )( 0 )( 0 )( 1 )( 0 )( -1 )
( 0 )( -1 )( -1 )( -1 )( 1 )( -1 )( 0 )( 0 )( 0 )( 0 )( 0 )( -1 )( 0 )( 1 )
( 0 )( 1, 5 )( 1, 5 )( 1, 5 )( -1, -5 )( 1, 5 )( 0 )( 0 )( 0 )( 0 )( 0 )( 1, 5 )( 0 )( -1, -5 )
( 0 )( 1 )( 1 )( 1 )( -1 )( 1 )( 0 )( 0 )( 0 )( 0 )( 0 )( 1 )( 0 )( -1 )
( 0 )( 50, 1, 5000 )( 50, 1, 5000 )( 50, 1, 5000 )( -50, -1, -5000 )( 50, 1, 5000 )( 0 )( 0 )( 0 )( 0 )( 0 )( 50, 1, 5000 )( 0 )( -50, -1, -5000 )
( 0 )( 0 )( 0 )( 0 )( 0 )( 0 )( 0 )( 0 )( 0 )( 0 )( 0 )( 0 )( 0 )( 0 )
( 0 )( 0 )( 0 )( 0 )( 0 )( 0 )( 0 )( 0 )( 0 )( 0 )( 0 )( 0 )( 0 )( 0 )
( 0 )( 0 )( 0 )( 0 )( 0 )( 0 )( 0 )( 0 )( 0 )( 0 )( 0 )( 0 )( 0 )( 0 )
( 0 )( 1 )( 1 )( 1 )( -1 )( 1 )( 0 )( 0 )( 0 )( 0 )( 0 )( 1 )( 0 )( -1 )
( 0 )( -1 )( -1 )( -1 )( 1 )( -1 )( 0 )( 0 )( 0 )( 0 )( 0 )( -1 )( 0 )( 1 )
( 0 )( 1, 5 )( 1, 5 )( 1, 5 )( -1, -5 )( 1, 5 )( 0 )( 0 )( 0 )( 0 )( 0 )( 1, 5 )( 0 )( -1, -5 )
( 0 )( 1 )( 1 )( 1 )( -1 )( 1 )( 0 )( 0 )( 0 )( 0 )( 0 )( 1 )( 0 )( -1 )
( 0 )( 50, 1, 5000 )( 50, 1, 5000 )( 50, 1, 5000 )( -50, -1, -5000 )( 50, 1, 5000 )( 0 )( 0 )( 0 )( 0 )( 0 )( 50, 1, 5000 )( 0 )( -50, -1, -5000 )
( 0 )( 0 )( 0 )( 0 )( 0 )( 0 )( 0 )( 0 )( 0 )( 0 )( 0 )( 0 )( 0 )( 0 )
( 1 )( 0 )( 1 )( 1 )( 1 )( -1 )( 0 )( 0 )( 0 )( 0 )( 1 )( 0 )( -1 )( 0 )
( 1 )( 0 )( 1 )( 1 )( 1 )( -1 )( 0 )( 0 )( 0 )( 0 )( 1 )( 0 )( -1 )( 0 )
( 1 )( 1 )( 1 )( 1 )( 0 )( 0 )( 1 )( 1 )( 1 )( 1 )( 0 )( 0 )( -1 )( -1 )
( 1 )( -1 )( 0 )( 0 )( 1 )( -1 )( -1 )( -1 )( -1 )( -1 )( 0 )( 0 )( -1 )( 1 )
( 1 )( 1, 5 )( 2, 5 )( 2, 5 )( 0, -1 )( 0, 1 )( 1, 5 )( 1, 5 )( 0 )( 1, 5 )( 1 )( 0 )( -1 )( -1, -5 )
( 1 )( 1 )( 1 )( 1 )( 0 )( 0 )( 1 )( 1 )( 1 )( 1 )( 0 )( 0 )( -1 )( -1 )
( 1 )( 50, 1, 5000 )( 51, 1, 5000 )( 51, 1, 5000 )( -49, -1, -5000 )( 49, 1, 5000 )( 50, 1, 5000 )( 50, 1, 5000 )( 0 )( 50, 1, 5000 )( 1 )( 0 )( -1 )( -50, -1, -5000 )
( 1 )( 0 )( 1 )( 1 )( 1 )( -1 )( 0 )( 0 )( 0 )( 0 )( 1 )( 0 )( -1 )( 0 )
( -1 )( 0 )( -1 )( -1 )( -1 )( 1 )( 0 )( 0 )( 0 )( 0 )( -1 )( 0 )( 1 )( 0 )
( -1 )( 0 )( -1 )( -1 )( -1 )( 1 )( 0 )( 0 )( 0 )( 0 )( -1 )( 0 )( 1 )( 0 )
( -1 )( 1 )( 0 )( 0 )( -1 )( 1 )( -1 )( -1 )( -1 )( -1 )( 0 )( 0 )( 1 )( -1 )
( -1 )( -1 )( -1 )( -1 )( 0 )( 0 )( 1 )( 1 )( 1 )( 1 )( 0 )( 0 )( 1 )( 1 )
( -1 )( 1, 5 )( 0, 1 )( 0, 1 )( -2, -5 )( 2, 5 )( -1, -5 )( -1, -5 )( 0 )( -1, -5 )( -1 )( 0 )( 1 )( -1, -5 )
( -1 )( 1 )( 0 )( 0 )( -1 )( 1 )( -1 )( -1 )( -1 )( -1 )( 0 )( 0 )( 1 )( -1 )
( -1 )( 50, 1, 5000 )( 49, 1, 5000 )( 49, 1, 5000 )( -51, -1, -5000 )( 51, 1, 5000 )( -50, -1, -5000 )( -50, -1, -5000 )( 0 )( -50, -1, -5000 )( -1 )( 0 )( 1 )( -50, -1, -5000 )
( -1 )( 0 )( -1 )( -1 )( -1 )( 1 )( 0 )( 0 )( 0 )( 0 )( -1 )( 0 )( 1 )( 0 )
( 1, 5 )( 0 )( 1, 5 )( 1, 5 )( 1, 5 )( -1, -5 )( 0 )( 0 )( 0 )( 0 )( 1, 5 )( 0 )( -1, -5 )( 0 )
( 1, 5 )( 0 )( 1, 5 )( 1, 5 )( 1, 5 )( -1, -5 )( 0 )( 0 )( 0 )( 0 )( 1, 5 )( 0 )( -1, -5 )( 0 )
( 1, 5 )( 1 )( 2, 5 )( 2, 5 )( 0, 1 )( 0, -1 )( 1, 5 )( 1, 5 )( 1, 5 )( 0 )( 0 )( 1 )( -1, -5 )( -1 )
( 1, 5 )( -1 )( 0, 1 )( 0, 1 )( 2, 5 )( -2, -5 )( -1, -5 )( -1, -5 )( -1, -5 )( 0 )( 0 )( -1 )( -1, -5 )( 1 )
( 1, 5 )( 1, 5 )( 1, 5 )( 1, 5 )( 0 )( 0 )( 1, 10, 25 )( 1, 10, 25 )( 1 )( 1 )( 0 )( 0 )( -1, -5 )( -1, -5 )
( 1, 5 )( 1 )( 2, 5 )( 2, 5 )( 0, 1 )( 0, -1 )( 1, 5 )( 1, 5 )( 1, 5 )( 0 )( 0 )( 1 )( -1, -5 )( -1 )
( 1, 5 )( 50, 1, 5000 )( 51, 6, 5000 )( 51, 6, 5000 )( -49, 4, -5000 )( 49, -4, 5000 )( 50, 251, 5005, 25000 )( 50, 251, 5005, 25000 )( 0 )( 1, 40000 )( 1, 5 )( 0, 0, 1 )( -1, -5 )( -50, -1, -5000 )
( 1, 5 )( 0 )( 1, 5 )( 1, 5 )( 1, 5 )( -1, -5 )( 0 )( 0 )( 0 )( 0 )( 1, 5 )( 0 )( -1, -5 )( 0 )
( 1 )( 0 )( 1 )( 1 )( 1 )( -1 )( 0 )( 0 )( 0 )( 0 )( 1 )( 0 )( -1 )( 0 )
( 1 )( 0 )( 1 )( 1 )( 1 )( -1 )( 0 )( 0 )( 0 )( 0 )( 1 )( 0 )( -1 )( 0 )
( 1 )( 1 )( 1 )( 1 )( 0 )( 0 )( 1 )( 1 )( 1 )( 1 )( 0 )( 0 )( -1 )( -1 )
( 1 )( -1 )( 0 )( 0 )( 1 )( -1 )( -1 )( -1 )( -1 )( -1 )( 0 )( 0 )( -1 )( 1 )
( 1 )( 1, 5 )( 2, 5 )( 2, 5 )( 0, -1 )( 0, 1 )( 1, 5 )( 1, 5 )( 0 )( 1, 5 )( 1 )( 0 )( -1 )( -1, -5 )
( 1 )( 1 )( 1 )( 1 )( 0 )( 0 )( 1 )( 1 )( 1 )( 1 )( 0 )( 0 )( -1 )( -1 )
( 1 )( 50, 1, 5000 )( 51, 1, 5000 )( 51, 1, 5000 )( -49, -1, -5000 )( 49, 1, 5000 )( 50, 1, 5000 )( 50, 1, 5000 )( 0 )( 50, 1, 5000 )( 1 )( 0 )( -1 )( -50, -1, -5000 )
( 1 )( 0 )( 1 )( 1 )( 1 )( -1 )( 0 )( 0 )( 0 )( 0 )( 1 )( 0 )( -1 )( 0 )
( 50, 1, 5000 )( 0 )( 50, 1, 5000 )( 50, 1, 5000 )( 50, 1, 5000 )( -50, -1, -5000 )( 0 )( 0 )( 0 )( 0 )( 50, 1, 5000 )( 0 )( -50, -1, -5000 )( 0 )
( 50, 1, 5000 )( 0 )( 50, 1, 5000 )( 50, 1, 5000 )( 50, 1, 5000 )( -50, -1, -5000 )( 0 )( 0 )( 0 )( 0 )( 50, 1, 5000 )( 0 )( -50, -1, -5000 )( 0 )
( 50, 1, 5000 )( 1 )( 51, 1, 5000 )( 51, 1, 5000 )( 49, 1, 5000 )( -49, -1, -5000 )( 50, 1, 5000 )( 50, 1, 5000 )( 50, 1, 5000 )( 0 )( 0 )( 1 )( -50, -1, -5000 )( -1 )
( 50, 1, 5000 )( -1 )( 49, 1, 5000 )( 49, 1, 5000 )( 51, 1, 5000 )( -51, -1, -5000 )( -50, -1, -5000 )( -50, -1, -5000 )( -50, -1, -5000 )( 0 )( 0 )( -1 )( -50, -1, -5000 )( 1 )
( 50, 1, 5000 )( 1, 5 )( 51, 6, 5000 )( 51, 6, 5000 )( 49, -4, 5000 )( -49, 4, -5000 )( 50, 251, 5005, 25000 )( 50, 251, 5005, 25000 )( 1, 40000 )( 0 )( 0, 0, 1 )( 1, 5 )( -50, -1, -5000 )( -1, -5 )
( 50, 1, 5000 )( 1 )( 51, 1, 5000 )( 51, 1, 5000 )( 49, 1, 5000 )( -49, -1, -5000 )( 50, 1, 5000 )( 50, 1, 5000 )( 50, 1, 5000 )( 0 )( 0 )( 1 )( -50, -1, -5000 )( -1 )
( 50, 1, 5000 )( 50, 1, 5000 )( 50, 1, 5000 )( 50, 1, 5000 )( 0 )( 0 )( 2500, 100, 500001, 10000, 25000000 )( 2500, 100, 500001, 10000, 25000000 )( 1, 2401 )( 1, 2401 )( 0, 0, 1 )( 0, 0, 1 )( -50, -1, -5000 )( -50, -1, -5000 )
( 50, 1, 5000 )( 0 )( 50, 1, 5000 )( 50, 1, 5000 )( 50, 1, 5000 )( -50, -1, -5000 )( 0 )( 0 )( 0 )( 0 )( 50, 1, 5000 )( 0 )( -50, -1, -5000 )( 0 )
( 0 )( 0 )( 0 )( 0 )( 0 )( 0 )( 0 )( 0 )( 0 )( 0 )( 0 )( 0 )( 0 )( 0 )
( 0 )( 0 )( 0 )( 0 )( 0 )( 0 )( 0 )( 0 )( 0 )( 0 )( 0 )( 0 )( 0 )( 0 )
( 0 )( 1 )( 1 )( 1 )( -1 )( 1 )( 0 )( 0 )( 0 )( 0 )( 0 )( 1 )( 0 )( -1 )
( 0 )( -1 )( -1 )( -1 )( 1 )( -1 )( 0 )( 0 )( 0 )( 0 )( 0 )( -1 )( 0 )( 1 )
( 0 )( 1, 5 )( 1, 5 )( 1, 5 )( -1, -5 )( 1, 5 )( 0 )( 0 )( 0 )( 0 )( 0 )( 1, 5 )( 0 )( -1, -5 )
( 0 )( 1 )( 1 )( 1 )( -1 )( 1 )( 0 )( 0 )( 0 )( 0 )( 0 )( 1 )( 0 )( -1 )
( 0 )( 50, 1, 5000 )( 50, 1, 5000 )( 50, 1, 5000 )( -50, -1, -5000 )( 50, 1, 5000 )( 0 )( 0 )( 0 )( 0 )( 0 )( 50, 1, 5000 )( 0 )( -50, -1, -5000 )
( 0 )( 0 )( 0 )( 0 )( 0 )( 0 )( 0 )( 0 )( 0 )( 0 )( 0 )( 0 )( 0 )( 0 )
8
9
10
( 0 ) ( 1, 2, 3, 4, 5 )
9
8
